-16.257701776795876 69.08350499413464
-49.32197699547713 56.183121452306494
-69.0060716968573 27.264867277357453
-69.11476919606903 -6.136112291957211
-51.92878190382524 -31.67402469429024
-26.515863105676026 -41.60337427845381
-4.099839864197648 -35.736687263339995
7.208015730315232 -20.71986895160154
5.813917286369881 -6.1744534415086605
-3.3293117458119106 0.2870070729810905
-11.907597086438273 -3.2892924874623617
-12.940841201036449 -12.610062196609574
-4.604013650667866 -19.790551811800142
8.719925994943878 -17.843521627049828
18.650707280646163 -4.716476512841339
17.165615266693038 15.154973259041135
0.9328806016845732 32.570564743363
-26.521166656954698 37.74793753809384
-55.89200216549019 24.950312956286826
-75.92644525113059 -4.661205930715603
-78.18381850129681 -43.299103238693164
-60.486477988711194 -79.77817149966188
-27.48594052123495 -104.12165213380403
11.806252821438072 -111.34160895216313
48.20125320382295 -102.65380581025137
76.11045297184661 -83.69931542161518
95.06726498876344 -60.849963184248175
108.33833698078247 -37.621841405209864
119.49400849583023 -13.134610600437503
128.89389561778256 16.529885692719443
132.13347788146467 54.76262290404689
121.52306766946033 100.58112817077348
90.09512717400149 146.70797049737985
36.237035072780415 180.93088079318713
-33.46108973205371 190.50155914796494
-104.87213504615659 167.74599202774274
-160.64700770161699 114.27888350370802
-186.54707086790842 41.66435555716017
-177.07180334845822 -32.111671811603614
-137.80486912894975 -89.07672893239034
-83.2698521918867 -117.92310746042337
-31.08097590938901 -117.9660883398125
5.1196952766268415 -98.62259347460824
20.83584031060944 -74.6064063680229
21.698734732369353 -58.98107310752658
19.831470637625337 -57.21538566055935
27.2780861009063 -64.9627247551658
49.55006960780555 -70.60134614553651
82.32749486498071 -61.38262116674459
112.93481407937853 -30.340391575923118
126.02257406835122 19.294092801708125
110.92134832382217 74.34270424920959
67.29849003797915 116.66582178238968
6.439893891645513 130.78125618435917
-52.598842308018135 110.76482021574176
-90.43479130577865 63.32769716295432
-95.22680845091384 5.610660710170322
-67.5741332273337 -41.455166123452074
-20.320906131833926 -61.43006758789274
26.65125715871374 -48.79005855210375
54.40869128322842 -10.822114471553917
52.347997266456574 35.70183907655771
21.938978983722325 71.5275886067707
-24.558924553134034 82.55011701104829
-69.60477856145832 64.89565070334997
-97.56071474705116 25.52677745729079
-100.4531030529841 -21.533678170402275
-80.04148015444493 -61.40019338379179
-45.69856896345955 -84.09921894642721
-9.471717813422305 -87.51238904439563
19.190273828957032 -76.5591754363169
36.66039924285224 -59.47301955985952
45.109899985916186 -43.270389331209664
49.691562150661845 -30.674175421965213
54.68650862245299 -19.824767094808056
60.72350382620021 -6.606563880125506
64.46505978752867 11.900038479314766
60.78048720808246 34.82140098247127
46.10766097547189 57.183671186963004
21.105509711541607 72.06482373499539
-8.89699502583651 74.05044869118566
-35.96864438236844 62.13623295276497
-53.13222357205032 40.494955935823995
-57.57169068903636 16.632536510012002
-51.79713756247828 -2.1725858748389335
-42.108009136726025 -12.325759980037857
-35.09842457946934 -15.450843796091263
-34.00411395125718 -17.139791495840697
-36.84288372361219 -23.4917822097596
-37.44005987239608 -37.213743406836315
-28.959908773442745 -55.38429612966154
-8.211025681375546 -70.23796217552588
21.544436391924 -72.83336424213876
50.95337292515563 -57.94678456425731
68.2896369966794 -27.747981168828034
65.01410216586766 7.793728474901986
40.59238066743788 34.3795338770323
4.105451626141537 39.47822932183245
-28.485045541917483 18.412748916586278
-40.587239518097654 -22.426836031772723
-22.205704804595126 -66.99514845278352
25.02848307440057 -95.38218974735751
87.40640045986706 -91.7408281912831
143.7381995296623 -51.034861205627905
173.2654077136888 18.33476352394525
163.65327148391972 97.2696471065367
115.72044585086317 163.03244232491272
42.92589628307604 197.70892769734425
-34.1242528985497 194.55320439483415
-95.75726060366794 159.63155910447574
-130.4401170398101 108.24304139103556
-138.11389227302075 57.86127077048375
-128.435124951965 20.800291037676153
-114.98311856353756 -0.1844948628917713
-108.24492291687613 -11.57289749444189
-110.63582131615613 -24.436507545063833
-115.77507578519447 -47.829850568128656
-112.21421608975866 -83.40380801579049
-89.7484602717053 -123.78541132564239
-45.27567497350792 -155.47021303584347
14.581697087121096 -164.8658419684246
75.34962455430578 -144.67947988816877
120.24962363329092 -97.70797720954317
136.93160409163067 -36.302908413185676
122.40191416956532 22.239416199791943
84.02255677782628 62.29267701653619
36.2620646633365 75.6143665306578
-5.2297687858553275 63.75621908709986
-29.539707007152245 36.337891827921545
-33.86840624357145 6.229324830183952
-23.129054673772707 -16.0000297461738
-6.322612712766485 -25.84360814510712
8.319006843424464 -25.322824853589793
17.010111252052916 -20.30738496454842
21.247255932433106 -16.338189317496862
25.655452009194804 -15.219649994344156
34.21015153123641 -14.125996687600624
46.97609596362442 -7.595480705098687
59.17833365171015 8.733682555415022
63.17765054194236 34.70304095156646
52.39476405248072 64.44189449621145
25.181518679653568 88.1937898835459
-13.402765071443952 96.41338880242597
-52.95977078436144 84.19789564268243
-81.77589368206644 53.87552554780523
-91.68153294504975 14.409304492975178
-81.4656119815543 -22.210433795378826
-57.212113036901144 -45.95280920307564
-29.378151969044332 -52.79337165633123
-7.991915260066151 -45.932077693146745
1.7451214174732463 -33.64296978118895
1.3623244792040268 -24.838456229833547
-2.346392974623299 -24.53780002712988
-1.386725289307762 -31.47515258825608
8.83163750153923 -39.03250516646105
26.694655654877366 -39.03683766392757
44.86392162915128 -26.516687311949518
53.895770067417665 -2.98429791188034
47.26997560987651 23.524970806533748
25.32009196991704 41.86171382677333
-4.007113261935764 43.10763594535965
-28.1630097865488 25.306143379316694
-35.55353075748394 -4.80320690607072
-21.110030789628382 -34.09360329413109
10.793296809540074 -48.55531350439651
47.60799291015212 -39.5822073593198
73.69080920342364 -8.14918774413006
77.0201341669898 35.140831064754735
54.537552249108344 74.315070669061
13.645437227722752 94.78642568151827
-30.905030350396604 89.60444294585398
-63.404876157728175 62.36781254786484
-74.00408658647763 25.443550507159593
-62.86710988956759 -5.7342917929742505
-39.76320384392312 -19.711311049300726
-19.260372567850915 -14.189176658252148
-13.708822407573948 3.054070864235527
-27.2326288179818 17.952786023565878
-53.51357261684801 16.947322856900783
-78.43781595487644 -6.314918141815792
-86.46159683706824 -47.45502409341755
-67.84651557789137 -92.67887855777782
-23.497404921796583 -124.41600479455897
34.80302088041905 -128.80992634028752
88.91240911850078 -101.75142251196692
121.63299980713694 -50.79782001897657
123.61344435851655 7.842278926366276
96.87384909200539 55.89776703921832
53.51285148731006 80.2941916352438
10.296442951441993 77.95809436496074
-18.395994981545766 56.20989035913732
-26.16878646102799 28.788204106639363
-16.42347371397007 9.457546169206072
0.16225805759378886 6.115189910284975
11.099902150310735 17.933494796633916
7.886166948977799 36.577315709581995
-10.465704659884246 50.650856757183206
-37.562055319130664 51.132266828015844
-63.07297966405254 35.26356618119672
-77.6367041050514 7.255558830581009
-76.83988009270969 -24.235378862546312
-62.505935488175396 -50.38683327350387
-40.93932583370796 -66.05532160914079
-19.268856011500418 -71.37509963845919
-1.8805043521082467 -70.53801019481647
11.254745708610749 -68.63293092868376
23.633918218769914 -68.35955659639382
39.33465652180529 -68.40252242080587
59.8705958559771 -64.30199390433482
82.57381336676758 -51.29209576555439
101.44651756966626 -27.50845777694154
110.07984092680142 4.25460957531061
105.09007099387131 37.30806414249905
88.17585920888277 64.08282908382701
65.5555005754927 79.87966797339371
44.89151839590752 85.34470661962618
31.1751473420088 86.20734164020158
23.71695407635865 90.17001479969022
15.986265257068077 102.3432558874231
-1.2951449102586423 121.51213575666915
-35.0489160118204 139.30982613241886
-85.12040674048724 143.0949459946378
-142.38499925574217 121.54881536451455
-190.96882083937763 70.57115192677105
-214.0041697740255 -3.319464279707123
-200.6125313278472 -83.93578701210821
-151.0525316599649 -150.6999657525092
-77.59533208000181 -186.24291315713225
-0.4722000614526607 -183.1499306947331
59.59523246220845 -146.90101155516174
89.20175928181924 -93.62089399285122
87.08419631627858 -43.49362233536677
63.886056698025286 -12.611498240390645
36.969920702296726 -6.746351604262955
22.555049216743036 -19.70786836592186
28.632171215633498 -36.9396405669366
51.75144314377743 -42.6924837516658
79.04537035073471 -27.54167206221628
94.51128980116185 7.113201302613213
86.68658794023514 49.554122453489995
54.25081070771841 82.99191546763515
7.043272819805104 93.17307032487325
-37.94765011380134 74.9303423705667
-63.82434214663112 34.76268430750311
-61.03730791135206 -11.677216112857131
-31.485317259926745 -46.046896077579326
12.273725870376559 -54.875161810190875
52.25901810089231 -34.95361422370377
72.39006881187498 5.6686159167238195
64.72193724618282 51.32978141184793
32.03120218093201 85.27038684145268
-14.095959717222378 96.10711376411045
-58.52493789843896 81.55797112053398
-88.66396777920914 48.1024627179827
-98.70975407176483 7.149752643871665
-90.43294146940653 -30.21369575193534
-70.60951584855471 -57.38425512954262
-46.744930303107765 -73.55488510424266
-23.383581512322273 -81.95887425537956
-0.7897137273781567 -86.34783620279092
23.567003122011457 -87.79378633599984
51.78337814059448 -83.59746333074925
82.50331779068323 -68.87981699134579
109.91280056344222 -39.96312014171584
125.46943264612095 2.337845846448709
121.62368687655061 51.39961185992205
95.69388540249673 96.35837670458739
51.88864592927437 126.00690124670629
0.3239626227025951 133.24587285608766
-46.658416852283544 117.96293897649502
-79.22138591618967 86.916587038303
-93.60748132786779 50.629877748129914
-92.87896252314383 18.75359027072777
-84.50613846553867 -3.8812551676028875
-76.02835403345304 -18.624291625515024
-70.97252334001735 -31.1493012992702
-67.10693413012893 -47.351459029116796
-57.96308812604911 -69.12100348430218
-36.91755193203598 -92.2356540500447
-1.788321502607996 -107.61425538309625
42.46289189618149 -105.51510559497893
84.5075297895885 -80.74070197903309
110.84264028526223 -36.27946203932391
111.6362400449551 16.58253368215142
85.53737711387264 62.05458835932393
41.0882599322931 86.06162603132749
-6.155083872033501 82.17896991730562
-39.73118124054442 54.5615217930322
-49.0122825211391 16.412774558815734
-33.59392939437356 -15.4766019340788
-3.335679303956926 -27.79365346519048
26.02528228708934 -16.272845704684645
39.77484727316129 12.697738201587173
30.5796157751359 45.13842405325778
1.4824223656118924 65.8139394752931
-35.759825504987674 64.97652106218675
-66.17603401145506 42.48316005526569
-78.36187459711786 7.47465346169124
-69.42720760588745 -26.14898644101935
-45.87303882772454 -46.293332140250754
-20.066951660375832 -48.19133926986692
-4.0359708233689195 -36.31243663189145
-3.538806806313474 -21.795558363336774
-15.238814007163413 -16.647919201829275
-28.340698192561316 -27.476089660730953
-29.955897137864785 -51.75066739891115
-11.698540089296241 -78.43983243765379
25.5946290952138 -92.81936095314754
71.29671639776208 -83.31530601495214
108.96415555133194 -47.26241032619185
123.16319865549644 7.084812700193375
106.14857914051592 63.28006154863587
61.44161096337484 103.02272252100197
2.733484281541614 113.37194250007238
-51.38979803186425 91.74060743338946
-84.58715210050583 46.59503294942535
-88.70406801494804 -6.292223436065839
-66.08486355827053 -50.25529754286004
-27.512291639294773 -73.95867966783047
13.021257826578378 -74.81910616509084
44.192095484361744 -58.41319243818355
61.245483834551365 -34.530824485278465
66.38463569125172 -12.000152713200357
65.85273199937141 5.189859066695021
65.45315279349072 18.7467923820377
66.8811220863553 33.76418132484579
66.69592550247877 54.659734223387446
58.3543563900268 81.58401064835505
36.16490054413762 109.2046690232697
-0.9272054830048759 128.522886556902
-47.70370843790093 130.83394754280042
-94.07404979995212 111.86840267196874
-128.8845001670233 74.06403550263151
-144.31983098350523 25.848569445588332
-138.8052571749525 -21.714568151389877
-117.07637776874466 -59.28473779622957
-87.49324692800332 -82.51820492081335
-58.02510356458427 -92.75667590972255
-32.95054366296466 -94.95871137318969
-11.896615376196525 -94.1030979346876
8.407396257277693 -92.05648962273133
30.729187381277313 -86.63119335747822
54.25533821900966 -73.38613072202897
73.68996505966555 -49.22954213974299
81.27969407125246 -15.828156966451537
70.95265214487857 19.223636239423858
42.52265106090995 44.494855641417786
3.6501422940424177 49.451686202393766
-31.839559622580644 29.76163012797997
-48.98407796699041 -9.432985435430744
-38.067751398431085 -54.15201902669082
0.4888454812430769 -86.30516616887883
55.14160980384037 -90.77213949852562
106.93392473512074 -61.863893669608274
136.61635340267202 -6.2654463605440665
132.27611790225342 59.02933868566265
94.21058728148267 113.12523373973377
34.87137043295403 139.36863661944307
-26.192282285244282 131.78456691800147
-70.27548296952112 97.04643994684054
-86.94406489911718 51.1388953289472
-77.75329279530382 12.192872735533506
-54.69535981524008 -7.348263978859464
-34.14108382425045 -5.791268433456288
-29.029782323673743 7.706716495827301
-42.817583698855174 17.96861892316099
-67.88098288209929 11.32885409204963
-89.0596430214064 -17.55296728388805
-90.71930157177906 -62.66754677488917
-64.15596017278406 -108.7769360983717
-12.036451881097712 -137.7359482534082
52.08418308563187 -136.21723650683757
108.93487689845131 -101.46102997610168
141.10896253451796 -42.59302610263638
139.77741537046322 22.963014194595296
107.73299750099027 76.31736234544155
57.64909140545984 104.19817275593431
6.542959099699168 103.32723084630155
-30.99443453574132 80.45666115034595
-47.878265118672005 48.40942529912693
-45.94640795278117 20.1693609612978
-33.50401101959592 3.7467641786350185
-20.518166294260965 -0.04591541258404597
-13.892724328641918 3.711376651659535
-14.971007848221968 7.821105220928111
-20.15005028141571 7.102844892458336
-23.905425122098592 0.8171453853350599
-22.4018140838671 -7.651181784871834
-15.722617137260428 -13.402138913411275
-7.611341810591689 -13.31263039112794
-3.0026212755813244 -8.126222257161182
-4.809314333080916 -2.1730764358019883
-11.819137384283355 -0.8703800945141111
-18.95131486103705 -7.3804070147449945
-19.848709075398013 -20.301033741546078
-10.495126517273338 -33.76776013803512
8.077828247899623 -40.100236813538245
29.55303130478883 -33.761190014367486
44.90307682295344 -14.616417461933608
46.6659339186681 11.284740260791143
32.84798830703509 34.02499095210973
8.42842039828845 44.30151155035379
-16.483282670515266 37.982662631187054
-31.167832999561714 18.468230758321102
-29.449335796834212 -4.473842533999241
-12.992834384324638 -19.067848429038634
8.98882695248787 -17.176323714477277
23.714904811359613 1.419894833984074
20.828101087694463 28.25640012904399
-2.3350062648232637 49.524216011841084
-38.733143466324165 52.186977521233146
-74.00433644398383 30.174227206152246
-92.38298480170374 -12.216852081276656
-83.61439381825585 -61.413112505758036
-47.77257121254643 -99.85579319456343
4.263676753354773 -113.27037079832164
55.0200147465847 -96.7359761301964
87.56290253438338 -56.841444636958144
92.46218993279412 -8.92275790077585
71.52163413167501 29.436723429176773
36.64319733490638 45.787914892013376
4.359911798031327 37.82934178751799
-11.496946559777058 13.871951800845551
-5.715793231759932 -11.373528621324766
16.40216198565843 -23.716444785078053
41.938483755181714 -15.950787069837062
56.63085177365876 9.045565026499004
51.60337944726615 39.915479922859916
27.471190414956006 62.30779634437671
-6.01700337975743 65.66136577604115
-34.56562149041356 48.151072489059366
-45.98158498667276 17.547081266903923
-35.80565270484814 -12.355877228433267
-9.356322882252059 -28.047566004291333
20.70200377953053 -22.429996162468804
40.09432450921187 2.0255910509734107
39.31455020654361 34.47611532888044
17.749744575949272 60.62964144215472