-34.192796871480915 23.558859609372305
-47.1144033972374 8.62167437659484
-48.553905999548846 -14.023881074001242
-35.33118302580917 -35.01609808468277
-11.174123567889236 -44.952567768913354
14.880673339423943 -38.87360934646776
32.573085814824395 -18.6331863587658
35.029391184990494 7.910462612539817
21.739968169510057 30.4356162364356
-1.4301736160743967 40.71523843121706
-25.10675163242376 36.05369988464489
-40.71431835594785 20.056762054267153
-44.16826359070836 0.493216352137253
-37.25881473389351 -14.616858014840052
-26.192457197774633 -20.758925912339482
-18.12957332766607 -18.749287182250953
-17.482820003091604 -13.8494763062812
-23.78600943286792 -12.73002993402414
-32.109930803079145 -19.86891299967174
-35.71729491409562 -35.190146838906
-29.552435232455238 -54.07514009004245
-12.787890883146254 -69.66305316075119
10.828914582118713 -76.2091143972375
34.942680553953565 -71.76156457980377
53.79898925285875 -58.796896195858224
64.99238613147268 -42.52355610088747
70.29592361525232 -27.78409205903766
74.11552580178407 -16.23476157158818
80.3692994212006 -5.370590365551344
89.46612131649772 9.96851351920142
97.09093815317176 34.2743264337532
95.64995040907175 67.907979958863
77.88628906575856 105.37856386598598
41.0040586343345 136.49142045507145
-10.76566180025327 150.12251236062346
-66.6177298607024 139.03486159449534
-112.73721901771637 103.50981950322819
-137.56794658237777 51.971631735953544
-136.4700758687552 -1.9057906913071463
-113.60184891612653 -44.493990965860874
-80.04579847111636 -67.61200781528036
-48.90104332793379 -71.589488594017
-29.496577711586525 -64.53526430868294
-23.360918944585833 -58.06401733963113
-23.852148717417737 -61.38432398432033
-19.710722504103295 -76.4713317936152
-0.9813109999477234 -96.62878640460895
35.40295736062269 -109.24549227679495
83.01826929556768 -101.6336334000049
127.69327070729108 -67.37303769542635
153.0183091856092 -10.259109826956099
147.30916417073755 56.06208720798746
108.98297114883985 112.81112392326948
47.92294184690501 143.24863751892966
-17.881918145183718 139.28340150105723
-69.08855971252132 104.69028071158712
-92.33316366339884 53.55262718447081
-85.08500053719341 4.5899257913768725
-56.04053963473747 -26.219929550116216
-21.002782090099487 -31.62936707565765
3.895440544597932 -15.290205684865256
8.700740666501524 10.63242997957856
-6.81374860659345 31.177653514398802
-33.87564128350901 35.05615647236908
-59.13722275497328 19.102299391087016
-70.67132401922133 -11.030095577883948
-62.87564376283859 -43.943420896277765
-38.279251204111546 -67.72839918050948
-5.741840452406429 -74.92161012129934
23.844161905362853 -65.07269946696417
42.23166015475021 -44.040860494813984
46.78228290201327 -20.676668550097794
40.59211671932834 -2.660889761382183
30.064273776705928 6.519038010146705
21.36865073952585 8.205257249643012
17.605356154984747 6.828467457987749
17.95894889898237 6.947874922278068
19.01394545198824 10.71703093764846
17.28608879982319 17.047419756687482
11.467870113227441 22.745362771740965
3.1459163800202887 24.816618706176147
-4.344623206837067 22.529269752867208
-8.201898870740552 18.001760217366964
-8.198107329628535 14.933394221702088
-7.209563733163087 16.162827070828044
-9.78330646511224 21.45410119093545
-19.390972912394233 26.87582100088164
-35.82767572072001 26.347351283187862
-54.27727778066175 14.764187751358726
-66.80951233384752 -8.820019274839204
-65.8451127422957 -39.677546281132855
-48.03140140700955 -68.59045154549239
-16.58649107057756 -85.48116700910983
19.256926907452076 -83.96461400425902
47.76575040835266 -64.68070102828311
59.78537460041929 -35.66025950485542
53.10405933671967 -9.25886943841467
33.97154165658825 3.201790077078254
14.81849425724229 -3.2315441590003147
8.932492905442313 -24.31136827447021
24.30977630263294 -47.74862730362937
59.42209531800194 -58.11580926521945
102.92695774577939 -43.53047807673762
137.6807435460806 -1.2524959351011447
147.51291779407563 60.31789108583312
123.94137030943139 124.26068029232076
69.94863484949043 171.40368576063122
-0.8480858450408633 187.65829746982823
-69.33298260323023 169.3471857976873
-118.1791955717686 124.2951361263552
-138.21597742983025 68.27970838468643
-131.23204991633787 18.434487171348685
-108.15218447063002 -13.520579598146634
-83.54748666703344 -25.342521914995583
-69.00359048959633 -24.00272333124824
-68.28706880702683 -21.423644547069298
-76.35450460745398 -28.291658421024426
-82.46840976114457 -48.80243584917696
-75.83744736555632 -78.67627956972349
-51.11675207916845 -107.22837039752315
-11.255148318600238 -122.41972139048224
33.542040601822656 -116.49737001816675
70.16587816302214 -89.63852451411142
88.21809347792782 -49.99812405009463
84.32766685010648 -10.23864004322624
63.28561462292331 17.792664468423215
35.62108869964135 27.801849000215775
12.86242350959024 21.13199095480055
2.712761977057607 5.4189676688117245
6.2918776453827405 -9.361467842549361
18.53256484318443 -15.495011310323783
31.306190416107217 -10.639868978301692
37.61381579847232 1.8643766830682793
34.78690938899219 15.401992746482968
25.244829336124383 23.826318316643214
14.625836276155837 24.607947456729722
8.407243909394523 19.851334104559125
8.827191686134018 14.782787798998548
13.69417442066274 14.605096951091909
17.65815200495552 21.419977111337253
15.238650347556955 32.85044301601009
4.002799924377982 43.100334010030494
-13.792511001705641 45.924903618905056
-32.00015486301852 37.99102648056126
-43.48317276256141 20.878787953256833
-43.686958668977574 0.6359400932459138
-33.07256503272953 -14.980359074285127
-17.126478427705564 -20.260270848420635
-3.847129854958869 -14.436902424374285
0.12709301223855607 -2.2346409423983573
-7.132652122624883 8.290871197598477
-21.69998952080568 9.647113494318376
-35.494922091145554 -1.3298652102849218
-40.09200746996319 -21.696300458352766
-30.836638315449004 -43.54517535867005
-9.266788796298567 -57.606251477396995
17.391468047001425 -57.61898664330312
39.49220898265175 -43.37024680489846
49.48584206545331 -20.88055880518689
45.51508967669547 0.4296245154772862
32.307637696166196 12.293541020712084
18.84653534931333 11.69174364588455
13.855254338612564 2.4583490665263668
21.237592760586864 -6.485903918668289
37.71684938415003 -5.549822571955168
53.94225611876199 10.504408751235253
58.70743923438903 39.354844013538994
44.41089117042472 71.39146005334345
11.207157933473034 93.54043966260178
-32.200100547913536 95.03313766452038
-71.68509623245694 72.52376976080222
-93.50509632940526 32.15140456276378
-90.25430029241721 -12.541995970722574
-64.27745874875055 -46.065655579715795
-26.924688065516065 -57.47631314104862
6.135829568742345 -45.05394473108513
21.55583268011384 -17.049510518444862
13.999706185340937 11.882583306930293
-11.6168374966025 27.038862220167687
-42.33562615237415 20.033175531986718
-62.84003050453009 -7.610683561048917
-62.10914984405747 -45.194026643887725
-38.126016264350504 -77.54037870411688
1.3870957229966105 -91.54639854329913
42.45248498477991 -81.69223563715924
70.92170605144582 -52.12875864962779
78.43072711310711 -14.521158470852008
65.62056928027611 17.276836084709224
41.30049497656272 33.2719552601515
18.068693441166985 31.411383570820615
6.460723054318478 17.96329356519451
10.278448634967468 4.1716333910795935
25.129838662678615 0.8172212089551998
40.70262643841326 13.185504379663413
45.61291405705915 38.65722911843671
32.57815094387066 67.8748371297566
1.630252021099075 88.80645047689642
-39.92448448803468 91.78534826028557
-80.57695394957126 73.2907346963348
-109.17529703708698 36.94724151895878
-118.89615804710142 -8.428931238931625
-109.00009940407631 -52.58174621299321
-83.9051091015917 -87.52033495077447
-50.389641674402085 -109.56250152851041
-14.513561612128132 -119.0771892410888
20.22017056790771 -118.48288524931979
52.760024085238484 -109.87126935712543
82.8690299576316 -93.66745089337518
109.1910284821822 -69.02761887945643
128.36314808478704 -35.61362886458352
135.87094522726915 4.4533871231369915
128.2943262942705 45.81994155548418
105.70874784168018 81.05596986037833
72.77513171404996 103.41408317183671
37.62909393140957 109.89440550352018
8.800237309422371 102.97726001680508
-8.507232648492343 89.90261006599889
-14.942613301813761 79.53764767779401
-16.92370137208178 78.12599102485207
-23.691768403866085 85.91779870136435
-42.66470022134775 96.44070263389885
-75.19641134432628 99.03601907817952
-114.84324436737924 83.74942368233609
-149.2105531602934 46.45245076018112
-164.834370334903 -8.211552245688022
-153.0818054335564 -67.62249725514098
-114.43623987027038 -115.65358354700776
-59.106706369901126 -139.05222584935598
-3.4576835076282784 -132.9925302438869
36.37994116882557 -103.29266294589081
51.029038967335936 -64.17462883638376
41.66762707009754 -32.389539237456745
19.37636389284068 -20.171778466474265
0.22073120238808652 -30.069173811501756
-1.8583955874754388 -53.934481499474224
18.727211040002523 -76.57119455979152
56.59160074849027 -82.48938233672746
97.52877215493744 -62.85088434387346
124.53007203066475 -19.58524916628926
125.06691219545908 35.11310971247754
96.4974276310238 83.68406822748116
47.28989408874314 110.37185341360492
-6.411523596673824 107.58497559987558
-47.341069217054674 78.7656966079602
-63.94457016051811 36.64689596479903
-54.61313067526892 -2.2192836888366045
-27.651990932879723 -24.214834076653727
2.7885797744635425 -23.80106253390227
22.878402244380304 -4.995362250056864
24.637872253221097 21.192688012496987
8.548992141820237 41.976512579421495
-17.614929543256302 48.22008192153439
-42.88874187434845 37.73279829826578
-58.07287561407869 15.218397283984938
-59.27633678603213 -10.73889241678765
-48.6197340074317 -31.963449547253383
-32.112324050149 -44.13668126040716
-16.04125529508646 -47.8816429989481
-3.8023059023669887 -47.232897217184814
5.279960860587437 -46.54476687034999
14.71088184766252 -47.594882657222186
27.999785991645105 -48.428799338260205
45.87246145839886 -44.50969699328235
65.07423009704793 -31.503182288390988
79.44827214976141 -8.169429462412609
82.76556417922362 22.220169381796943
71.85288939276111 52.75995194061064
48.38601482584952 75.70941653800428
18.377484328956065 85.83735061444511
-10.441256893563505 82.62340909595957
-32.057440484466824 70.18234975118904
-44.700868915024216 54.92116531923213
-51.15161974104471 42.10474756817368
-56.638570233985966 33.09915703655496
-65.37801474608418 24.766627929135502
-77.55064276477117 11.425921108125609
-88.37510268343289 -11.523947382555251
-89.94431404145115 -44.135373644095885
-75.10976359811309 -80.45920606429047
-41.601948822164616 -110.07378545407495
5.68062125267641 -122.13535929095895
55.53062649177744 -110.20642812336196
94.31886247738555 -75.61410092742179
111.33054316644301 -27.644520800744658
103.1946627065945 19.72844379762219
75.3514799265148 53.28211585088228
39.78197250470656 65.79655728303996
9.910256467990486 58.76694126811455
-5.093098788484824 41.319487273947914
-4.057414831303783 25.778392488429155
6.0939732351795985 21.867184428402727
13.95607861479823 32.17835706207747
9.3168954190225 50.992308865255914
-11.713592432299205 67.00733277431473
-44.50076544578161 68.74621859469508
-77.66241994755171 50.15907010416438
-98.05291880729293 13.827862151101911
-96.69609704220902 -29.740681194446353
-72.95160416838812 -66.46042216243819
-34.98913210174422 -84.70251583429504
3.6752732734717366 -80.2887387556024
30.02633549806899 -58.171254176658316
37.132801321821574 -30.036251404090272
26.938224232513242 -8.928794559687757
9.007685291903073 -3.3543282129483263
-4.172154115804901 -13.545241699825173
-3.1701265689767375 -31.58328811350858
13.880272553711455 -45.30070077842345
40.30363190644203 -44.15682093790524
63.881374777030054 -24.392142229536127
72.45757471847593 8.898547723710456
59.60516559487163 43.72238634627095
27.79359766356738 66.29472761468304
-12.355859827458922 67.00619517257297
-46.37425881958446 44.60270070328188
-61.87804205738546 6.768276594064234
-53.5217381819233 -33.06845986540721
-24.86657654621966 -61.214648878487154
13.509263440155538 -69.03900431515831
48.65441786476003 -55.87482221197129
70.47828878058425 -28.412210581321652
75.27705599924215 2.895315761072691
66.1625203318566 28.591725139773477
50.49351425643657 43.93320999524019
35.765255781488094 49.984659650164495
26.011908722299403 51.855547989159476
20.37893123814058 55.19444047835899
14.362585470739255 62.810289167711815
2.8837232027911703 73.09810693330778
-16.490404611113874 80.95208258112076
-41.84551178388335 80.56887954769661
-67.56577625708385 68.61660333609109
-86.92583664238452 46.11637325470697
-95.24648375323093 18.09290065430214
-91.97662767599232 -8.779660942221874
-80.65186900327492 -29.280416030481
-66.79908151408107 -41.868357250076144
-54.930145518851276 -48.88415906110673
-46.24445893875928 -54.652324763496
-38.2898715098331 -62.529266272808194
-26.79639008005791 -72.52921171127497
-8.721253241527819 -80.89606865814864
15.163646420768544 -81.9885218130786
39.664578381655545 -71.60200653079164
57.09918724591012 -50.00062762246905
61.008197121654746 -22.935427783524112
49.86200485246805 0.16982673248791258
28.79807461668593 10.284015593250519
8.232578857787978 3.2846769953137898
-0.3524249942294091 -17.290675460208483
10.284939364491802 -40.82297801819455
39.17745987075916 -53.615903324688986
76.5287546760016 -44.79233552448271
107.04680789924988 -11.529556100059644
116.04864836678351 38.8101137069495
95.80349991460838 90.84483232336999
49.31860381739474 126.95674015191761
-10.232505662344808 134.36017767444432
-64.38841842319871 110.4464039259974
-96.6369844250216 64.04339165554882
-98.97438676608665 11.946548973693211
-74.97789142760405 -27.87937023907702
-38.05436615053188 -43.561847346159105
-5.603400105238711 -33.95525232132054
8.397967572063948 -8.685518211428729
-0.7936718312921016 16.36974254635495
-26.94734078964484 26.167953246118664
-55.86549074635314 13.070928294457133
-71.75494557159527 -19.915991535673818
-64.14768609577334 -60.55386488695916
-32.38467914457121 -92.70760885715194
14.191096789655894 -103.21106530055144
60.275673702900725 -87.27358219659399
90.9963156488854 -50.17675021051491
97.83257411532969 -4.701190537794865
81.57470543496596 34.4081560244804
51.2342378906274 56.41649465379965
19.634825674266935 58.443286577418405
-2.192193397631627 45.69027657945582
-9.305513849300503 28.245104727337697
-4.098569091513241 16.140004133732926
5.770401617486613 14.984594039493253
11.526880069878224 24.044233323949648
7.444249592788623 37.37307830328327
-6.858862615222899 47.16735845680161
-26.833928518936624 47.561687073472115
-45.628155457077014 37.057712484944155
-57.419707787356266 18.60402310615302
-59.770422323669045 -2.418368827273355
-53.960704770614775 -21.03920344683099
-43.39889882557447 -34.80604125923117
-31.201233341278048 -44.116156581846326
-18.40890168825508 -50.777228977205745
-3.8744887782101287 -55.79933918668445
14.142400206183332 -57.847405689311465
35.6463944592698 -53.41303200921087
57.31252820662396 -38.78949011339411
72.78390230531123 -12.865191357575647
75.03869180023582 20.83751192461625
59.8488238816529 54.21943592230515
28.623300725982443 77.11965460991672
-10.962852095585657 81.38768832379213
-47.20461407890129 64.69842176839995
-68.75335036426569 32.221772252161934
-69.3135518881236 -4.878948936372071
-50.49814086879462 -33.712890709375756
-21.396384200441876 -44.94540155644866
5.149744451181144 -36.76163215649915
18.038386242238104 -15.651912016123681
12.757757872956375 6.462905991902538
-6.622995876113698 17.58512107417578
-29.305136640996935 11.111827045958258
-42.70514338624773 -11.064547895242256
-38.30417876234818 -39.29773766705847
-15.742347448532021 -60.51672364835215
16.760027408337095 -64.23562528087756
45.93031663432087 -47.52368260006426
59.39323227644208 -16.63271965994731
51.37582311439023 15.538602332220918
25.561873604677572 35.08053935731727
-6.259610936672296 33.3159194964729
-29.22225266616882 10.844912052854394
-31.89039752343008 -22.4605782815661
-11.363370445230636 -51.5628976283357
25.299564696688734 -62.68009430749021
63.975312937798684 -49.20063470989028
89.4155490134723 -14.498688911660619
91.609898478116 29.553608616115458
69.79787584467425 67.66510444031447
32.4375977762446 87.51015175484002
-6.738747852088847 84.60580265508477
-34.72530644390815 63.60965528757741
-44.58659537666348 35.61798688603446
-37.81904183551098 12.840470394141054
-22.827434022861397 3.151776305920741
-10.401805975200197 6.977465790587196
-8.407823252096899 17.812015029835266
-18.175626027832784 25.95180307512166