-22.478668963443887 -10.32045471976691
-16.654889586979888 -8.405087188339612
-14.757618579283433 -6.098745987366371
-15.18859366135511 -5.924401886062384
-15.199602788026066 -8.569696288549657
-12.363357211809443 -12.586737514685407
-5.9230780119044795 -15.09798077615843
2.5945476879503957 -13.22977257565956
9.822126658124114 -5.6591113515410285
11.916837938266193 6.424213836537298
6.297261273922167 19.418328020339914
-6.996892207395639 28.509051901887993
-24.95027678214118 29.523395786704057
-42.449090327231076 20.679286783391483
-54.09562794652558 3.475854361110713
-56.247295562619456 -17.702181813125954
-48.436534311632236 -37.16444816250466
-33.55341810829474 -50.07058575881901
-16.67048433682185 -54.285587310978855
-2.9562297949024625 -51.153356634958016
4.479288718123065 -44.83479646784312
5.90889227486452 -40.4459240762506
4.904385227236574 -41.73815488913759
6.833530941112578 -49.273249311353894
16.511023045456277 -59.86687792255482
35.93583423470884 -67.57591784450932
63.03255296161731 -65.88723395809413
91.93003479109151 -50.28069761839321
114.71264401510238 -20.182285654927455
124.00875160673756 20.445247646781105
115.46440262173105 64.10387287605433
89.20675957020771 101.98203780976293
49.799274449696554 126.58181180215553
4.7618206109283605 133.81864295978554
-37.753944191973915 123.89904467548604
-71.27631984566273 100.76545607952421
-92.52363914581572 70.42757201346589
-101.67940519274866 38.871180448473034
-101.48456166126812 10.32087953045675
-95.62034134316937 -13.575428353577426
-87.06077768461863 -33.46897310427634
-77.00919972780818 -51.18619733064074
-64.75117835223558 -68.2878416962827
-48.38566232158176 -84.90001754181068
-26.081032229156342 -99.24882507663473
2.652406943863852 -108.0396866138403
36.14618800569554 -107.51775919357127
70.49988632677798 -94.8300861319743
100.28181397076577 -69.23792143677761
119.80172399740235 -32.796383544024884
124.59927671173807 9.71538217902203
112.74281034571479 51.6253243626099
85.58174340764747 85.77939738792017
47.72111104297904 106.20350744132858
6.1634896419996785 109.60785161520371
-31.234391488552987 96.32845509491304
-57.649565171703614 70.39965721004937
-69.04584431019833 38.645569477750016
-65.28163984962654 8.941478495460423
-50.179201363575956 -11.93381758340017
-30.42768768472061 -20.245025799014776
-13.550886276356763 -16.41650639824939
-5.511917261058713 -4.880921753107005
-8.721037754328378 7.396748831241357
-21.158090474003306 13.321065328320074
-36.99819205463501 8.22477194337857
-48.623034730320015 -8.31407242455618
-49.38304570383454 -32.10100971467363
-36.14792152993148 -55.625457687221505
-10.692802658738426 -70.6504294231893
20.657614687185387 -71.20061557166144
49.08122708960677 -55.854810587627085
66.31594188115443 -28.45445745954121
67.61701704549608 3.099615796902201
53.50188930366309 29.575612786610797
29.59344336481877 43.68248573086236
4.578416061393764 42.666782440663006
-12.981691172760746 29.24514806301147
-17.797179501734746 10.500881645107198
-9.763983850304292 -4.853292571014011
6.084693415313573 -9.81522618244519
21.571245388534063 -1.76956059653984
28.549936774707653 16.513405807996797
22.05632280219485 37.92581777937707
2.238878431743892 53.704145884206234
-25.6414038567263 56.71552656602826
-53.11445764509848 44.10659250053037
-71.56110973465586 18.33861304437051
-75.26718312167883 -13.736626326182915
-63.34617567343086 -43.36295870343927
-39.86493259168158 -62.96360574053418
-12.197918870454721 -68.67565019554876
11.714231524507017 -61.44187930747756
26.159929634196693 -46.33834558188639
29.50169424756926 -30.473338845555993
24.469129382128695 -20.286729216134972
16.889429345935397 -19.23793083730754
13.395074822914502 -26.66460299616435
18.961983881097872 -38.129354463042965
35.1197338998352 -47.03915172584166
59.37763269416093 -46.91636315537074
85.96328886047912 -33.54665955582731
107.54501408401796 -6.346503065299828
117.34361665382207 31.396316288009288
110.99318382348682 73.3824466254406
87.6602205666193 111.92577990372209
50.1939211358698 139.843624972494
4.359473748571908 152.10870694429855
-42.575494622025886 146.8812853002447
-83.51149004660343 125.72900876763384
-113.03573101783424 93.04411168787453
-128.44391798076478 54.84435339711718
-130.0468313108506 17.27328372685009
-120.71244764577297 -14.81927953687676
-104.78231054151124 -38.850287044238385
-86.67220524099531 -54.76952528615532
-69.57348022432657 -64.5482264842335
-54.66509892228315 -71.05591308446401
-41.10460670133935 -76.70424965754752
-26.81198303169117 -82.3449020283719
-9.769142282524083 -86.85115189116414
10.662488519632763 -87.58467945668536
32.95393998149293 -81.61481948858668
53.53310122687138 -67.23933288935224
67.86508394028942 -45.187107677404065
72.13865701619312 -18.95269780286852
64.92034370377999 5.982111022750885
48.08653414004729 23.847104388188775
26.574729897242737 30.611784397920395
6.936347776571303 25.563307612372324
-4.842049574725195 11.772473149916678
-5.453681202634819 -4.815867176533359
4.498160519063826 -17.399708328535453
20.668636077577126 -20.722468387725314
36.523369790364754 -12.956073826727597
45.714039012764275 3.6666546891975678
44.38089874814104 23.728053738082746
32.50085008785756 40.679707482952416
13.768787868984887 49.27921410798688
-5.9220717577856234 47.464466315167336
-20.78242964730824 36.95000041939602
-27.291775647877742 22.34682871953213
-25.378771627813002 9.199227596809585
-18.184834979052248 1.7560308247680396
-10.561251569485096 1.377762577416263
-6.958200203947445 6.195139082698802
-9.589282114915356 12.104030441824793
-17.610627273421244 14.631822680652515
-27.608641878540862 10.868973491858469
-35.13834961717282 0.6635050459076837
-36.628403477175894 -13.386731809628095
-30.843073037537607 -27.090344980420376
-19.308418019920154 -36.43612382378362
-5.5666050064850054 -39.215581300462695
6.381233474110697 -35.81896507181851
13.756603847320122 -28.901888109393298
16.09611622971812 -22.1046277534806
15.313598180187135 -18.396244133836532
14.735975794414287 -18.752383736656935
17.542869422441566 -21.713358400110838
25.27128769859946 -23.98870383056613
36.99857661668801 -21.842724828546885
49.523469408891586 -12.690867938044015
58.459167034003656 3.7255499516648767
59.80284041838907 25.029467443846798
51.38626876848742 46.85792829751889
33.68920494257755 64.20700967821924
9.759723578592652 72.97478469497976
-15.683304015925245 71.1741669817574
-37.62097805228457 59.445742386797676
-52.11448177185128 40.76643463308431
-57.280838686249325 19.5138733455966
-53.6243261170135 0.21931147565512532
-43.7000677312507 -13.614870215626812
-31.269055968752326 -20.328256627118556
-20.20860347955699 -20.377516449993486
-13.464044556566321 -16.052396754292445
-12.287698104127124 -10.73441256640691
-15.935881544034512 -7.8868299218915965
-21.89981393108981 -10.017134538642122
-26.63570011802064 -17.87148787421915
-26.63757748788384 -30.093781159193895
-19.5827394598823 -43.49378128874418
-5.211851355819934 -53.91578435137093
14.371120865294227 -57.507226679895936
35.154691594230044 -52.01559759924638
52.36948129783493 -37.667826032266824
62.004878925316504 -17.267187042816275
62.17762264421583 4.616864198874225
53.82172304071657 23.157320184244792
40.36678465775553 34.96527436811007
26.435881140979518 39.32284901125166
15.996216216215338 38.41506492130475
10.670054028050892 36.372633386761905
8.925632185621796 37.41004138491265
6.579663425833285 43.752230128140155
-1.4586492468316195 54.207600400560025
-18.798958240860188 64.06838915430265
-45.46617819120864 66.54054026039174
-76.99235790142254 55.2950159542932
-105.21908186827089 27.232777692051815
-120.6856301100045 -15.6181620835697
-115.83686432790974 -65.9069725750963
-87.90227236252997 -112.70000662385112
-40.34368410498392 -144.6609208088886
17.751534002857053 -153.59818027774506
74.21258828993317 -137.11856028399146
117.41990947760871 -99.413456912511
139.76775501534811 -49.87091222902751
139.73959599104276 0.000600634376489495
121.88807465036419 40.23489752353007
94.78255589206007 65.35429550117047
67.72652242862176 75.5844171168859
47.47280461597493 75.9842203237572
36.12117626696302 73.91389064381525
30.89917542901366 75.85623631280319
25.800827942403316 84.79881616711074
14.373079266827256 99.11766276489703
-7.447729072154935 113.30026094658218
-39.5068335353264 120.1491394605541
-77.2385902863358 113.58372576782382
-113.10697100508858 90.99099800824173
-139.08645925493306 54.302088569619855
-149.25855496277674 9.479358070211234
-141.6232678726521 -35.32128478683207
-118.56474181467358 -72.21049448562299
-85.91357093444839 -95.79260553407516
-51.02123630275242 -104.45901010992162
-20.544648602003953 -100.42032973453351
1.3407032073957552 -88.58776965354738
13.793082100926473 -74.76269730207619
19.059385617425608 -63.7537671218291
21.315820413692133 -57.99255869895717
25.02321897643118 -57.01086631261704
33.318986102721226 -57.86186570905587
46.91060577634881 -56.3003873157125
63.76782971906038 -48.34685660169891
79.68581508197761 -31.7755788361224
89.561076894626 -7.095748304306177
89.03010652869995 22.27815122504505
76.00501106471806 50.763250524733934
51.634148922006304 72.10032274392425
20.337912076083 81.21171673864771
-11.187780679378122 75.87915014649185
-35.79392471269439 57.684168391396334
-48.02391333186489 31.82342399301839
-45.906681023694986 5.7386883405445595
-31.759524794491572 -13.10028953405342
-11.632892898330155 -19.587995650752703
6.531734910748135 -12.744186627741403
15.494622140661063 3.8172174516381503
11.207982417826202 22.967134760050598
-5.679570630030099 36.40474477184935
-29.889806921641643 37.50307144653963
-53.19904022695535 23.66672216511334
-67.19535690315284 -2.657272192181395
-66.14904962627111 -34.71214984566049
-48.967190362781665 -63.67198302652317
-19.523250402370905 -81.59114925020224
14.749046120325602 -83.99218839765514
45.45860923337729 -71.1563812805773
66.07073404024415 -47.67785417257799
73.88105826361357 -20.508873582207585
70.4446512859137 3.7019298250218498
60.37402381668595 20.924077942308628
49.06346391353364 30.826982625451073
40.306601612041106 36.26258616837075
34.78666634894332 41.43879792687791
30.034721035143114 49.59901431242227
21.832564078714498 61.20592909610697
6.440111764977921 73.39956855646916
-17.304972913458425 80.96080606823044
-46.90479985070963 78.38851570244859
-76.60198275668449 62.24657495155059
-99.12661798647005 32.83528996775252
-108.11862059579451 -5.47833911374633
-100.30212971434347 -45.40069950225134
-76.60811174409955 -78.88235720666583
-41.86874895769655 -99.5061622934239
-3.2581111262092186 -104.23833823222732
31.895837033677466 -93.97666066829177
58.12221664824469 -72.8126084116921
72.97469737203193 -46.39836178685532
77.06632363951195 -20.090991066313826
73.1286896707639 2.4560023608867425
64.58640252877775 19.83879844351233
54.24219164653512 32.55160823404262
43.5306070532651 42.04179646713904
32.50539993086041 49.648329247920046
20.415351970649336 55.860308297248395
6.521396013966163 60.128917210916434
-9.222708167276007 61.20679544752964
-25.88051540682869 57.78723367828544
-41.68895739684229 49.142000810176995
-54.5355408424642 35.51520759182706
-62.53956668259431 18.16922791723875
-64.53168823260513 -0.8774063220349859
-60.30898297424281 -19.290094551491865
-50.64194441288369 -34.88936913154818
-37.079691068181816 -46.04299980398608
-21.62475700470168 -51.920221454476724
-6.344068699890878 -52.584592949981335
7.024140232759997 -48.9152384296083
17.399408886426755 -42.35508707837028
24.53956475437382 -34.51268271604566
28.990341731785882 -26.698403582469272
31.769394177340885 -19.535823535681583
33.84595352128947 -12.813337673117328
35.5891311447034 -5.692632077111483
36.42720917904069 2.736959724926074
34.932137217979985 12.735932019213989
29.400087825953023 23.332076596039876
18.78010800479892 32.202218327803585
3.5985246063610603 36.20574144643564
-13.559267515304668 32.49801387602518
-28.348014940173798 19.867356603336958
-35.80438643512625 -0.24114301099276503
-32.034282292611735 -23.524755917697856
-15.857340081612419 -43.697169862479015
10.262517857952808 -54.27967152925443
40.479312089918785 -50.74857180587488
67.07885875730095 -32.25784664759852
82.80893309997602 -2.2349350666810324
83.2241093847687 32.476148017678156
68.17131444498207 63.70710385605385
41.81833452442181 84.5786355550743
11.162883243351914 91.67871247666608
-16.450396900473848 85.97944919798888
-35.87313347357731 72.13375700769839
-45.779998921927856 56.421919676673724
-48.74966187188548 44.157200368669656
-49.78026937282494 37.58487967342634
-53.84961161360992 35.120006105118016
-63.52263699839699 32.23363251845177
-77.59915470299569 23.628007506654956
-91.38015522582833 5.809647558273774
-98.47625960577938 -21.005836960676692
-93.45070747283074 -52.46701986105314
-74.23833549794065 -81.36119568688245
-43.35422806562495 -100.13180142472702
-7.372652883818819 -103.67773594097785
25.168780986398602 -91.35011580793514
46.67158016257022 -67.3641637427201
53.10540595950275 -39.448284579431636
45.389639228740585 -16.218706651176426
29.02708878991664 -4.238072141256858
12.13952088645475 -5.8163323126418405
2.62943709864615 -18.317742919498343
5.480735592409111 -35.17571540594313
21.1210494669021 -48.208814051241056
45.356162072236245 -50.400654495971324
70.82251570928605 -38.19615778852115
89.39931870062522 -12.590224483467274
94.74755532213094 21.265386296903852
84.17009048808323 55.71198232402707
59.272448479171885 82.89001046553847
25.322342113329135 96.95646381429191
-10.393867224722483 95.57095620749551
-40.65880204265843 80.28860819776833
-60.230862827224215 55.84586503779247
-67.06038802411554 28.63091139931992
-62.53986498309343 4.819383421150057
-50.78838127386182 -11.298298370423353
-37.21803686147212 -18.35712537089265
-26.80182988968881 -18.066220434998748
-22.531349968623317 -14.44217599958889
-24.506689288792813 -12.345425424773818
-29.943018295424586 -15.73806890847952
-34.13119784645266 -26.18756394134312
-32.10404766854119 -42.10888932235201
-20.512513305263557 -59.05133820442731
0.9058871343062194 -71.02441272731355
28.8142277317858 -72.50271532090548
56.99497698636474 -60.471135600540904
78.16770356425648 -35.78503663777839
86.35951326457341 -3.2891608255374862
79.02175259213016 29.463244306113104
58.10116451855347 54.54608908669649
29.591834814222203 66.28028531228853
1.6254323905922181 63.195535467269664
-18.2860454406932 48.56820242085504
-25.876329779276304 29.256726224014933
-21.62952905130515 13.187767048321733
-10.546275870806141 6.382971445589135
-0.1905900742682327 10.63856989318608
2.299874421076269 22.770377138529838
-6.871682729988592 35.771168004963165
-26.447717402329268 41.50202348711281
-50.30522800564135 33.93395143284579
-69.53752647461764 11.713736087879674
-75.69303389725394 -20.945503381787013
-63.977691679074404 -55.43108081232816
-35.22206798896847 -81.56301554266258
4.1324222482659465 -91.06926189592555
44.035639010653284 -80.43874730005464
74.0896586940006 -52.12496959208201
86.88663217837146 -13.694750525218758
80.2421400870418 24.72265619250596
57.584234269538555 53.72562623916943
26.458195595603506 67.48435228528092
-4.211483814299186 65.17994052546014
-27.054934725030318 50.64763832744213
-38.34813491477713 30.50948705046499
-38.61554723214425 11.602246053967903
-31.69796054790023 -1.314560228350663
-22.802265149792678 -6.788711560189698
-16.365391534239844 -6.536339220103841
-14.536067163448514 -4.166696583096055
-16.75123494610382 -3.396167363987722
-20.415974154771583 -6.488728886223214
-22.281588207255894 -13.48041624272085
-19.90780542278447 -22.378454566846543
-12.64486164160451 -30.135751622321067
-1.8252782032518646 -33.93980961741299
9.812354026810624 -32.30209237185482
19.171198687115307 -25.576936441767504
23.89534729469353 -15.792433771165955
23.14429388160665 -5.926998137652209
17.829748219916016 1.074572175411376
10.301175496920148 3.218008008933616
3.627024383528447 0.05444072874878714
0.7012550336657597 -7.175603180196868
3.4112439253904085 -15.851310622111056
12.060298876159244 -22.63991586753565
25.174205335681016 -24.369053066752343
39.74974855325899 -18.911620797528244
51.92179277823227 -5.874995390955817
57.93010558504214 13.10108167197675
55.168386111280434 34.57264566622585
43.028158901450226 54.05970233645494
23.252611735418995 67.20412693492639
-0.3800052834310037 71.00848349111669
-23.02573452362536 64.76337853164553
-40.14481684852951 50.3191204856156
-48.83967211609866 31.548610354045532
-48.68989266111864 13.130545637563223
-41.75716722395876 -0.9486923768365685
-31.72559771079029 -8.635834299783092